#BVGraph properties
#Wed Nov 17 23:14:36 CET 2010
compratio=0.105
bitsforblocks=10662711
residualarcs=3600859
version=0
zetak=3
residualexpstats=594697,304331,232912,224518,245623,237513,219051,202954,195020,170461,155919,147785,137658,127605,97204,101737,64424,48877,44560,19096,2998
avgref=2.171
residualavggap=17897.219
avgbitsforoutdegrees=9.432
windowsize=7
bitsforintervals=7250210
copiedarcs=33520968
avgbitsforblocks=10.663
bitsperlink=1.68
bitsforresiduals=38118910
bitsforreferences=3826577
avgdist=2.872
successoravgloggap=2.3655236455309643
avgbitsforreferences=3.827
successoravggap=5818.059
maxrefcount=3
successorexpstats=33229423,1407599,545917,476883,820798,426898,445357,382783,365249,353347,362880,328555,351425,257658,241225,394796,379848,226484,164964,68178,4270
nodes=1000000
compressionflags=
intervalisedarcs=4125332
bitspernode=69.29
arcs=41247159
bitsforoutdegrees=9431896
avgbitsforintervals=7.25
minintervallength=4
graphclass=it.unimi.dsi.webgraph.BVGraph
avgbitsforresiduals=38.119
residualavgloggap=6.817413686637773
